50.384857
40.710274
19.452285
58.042626
82.266108
37.852662
31.580654
4.278634
77.100442
60.037662
3.460199
89.122864
95.582869
93.436783
67.303334
0.569585
14.764109
60.135967
88.583294
56.474379
44.343458
90.722375
91.009246
52.611309
46.072902
52.888541
45.533860
28.326064
31.239067
97.406474
55.543787
61.799416
33.669974
35.554452
56.924573
24.717362
23.333665
34.619620
58.944193
40.553863
20.362580
47.564007
71.708194
72.941481
98.068633
73.345390
20.274213
50.990930
96.361175
54.522912
56.408039
83.185943
62.294961
65.011597
70.538171
17.716251
61.572152
37.851690
11.614388
9.709413
43.153474
22.399565
61.869713
37.251333
22.283689
30.523328
66.982802
7.746815
2.832144
31.583130
3.306485
22.059972
68.364626
28.087237
98.855862
64.333840
71.790879
11.879268
34.182697
70.063577
84.955949
22.536925
52.547671
18.459715
89.001597
22.020315
92.486782
85.509406
60.913233
47.601843
55.219725
62.932218
80.763230
41.208488
92.239533
40.901105
72.266238
34.968725
8.350941
58.938938
94.474861
95.966775
92.680085
128.036112
50.057706
100.299266
57.224019
63.768901
69.763866
112.079791
67.972405
60.582548
90.948391
115.427809
83.177869
51.567441
52.499025
90.297914
94.797146
137.505845
142.790758
102.538928
86.170763
149.054768
50.499645
79.545254
115.167131
118.776011
64.865910
72.562850
96.860165
55.312078
143.891873
110.449321
84.873334
117.194918
100.564649
52.730054
117.118540
63.124204
98.086461
141.476063
132.356899
78.340694
110.665419
68.895974
56.411179
62.131858
139.125227
69.131506
128.315037
103.456251
103.148397
128.151971
142.546091
58.853907
98.757998
138.647743
148.190260
81.241206
51.753366
134.389469
79.203720
128.157491
149.673358
99.287380
124.157445
73.942932
113.624275
134.186677
61.004365
102.237955
130.297300
91.803956
50.804595
93.607793
80.409331
125.830035
67.017220
84.600420
83.510748
142.528257
57.149174
124.481520
66.690974
97.699693
94.055376
88.127500
111.484988
93.548779
92.670182
79.199494
57.035950
109.828735
67.174381
65.120293
75.573767
61.659893
84.213003
127.380371
169.199758
101.725433
166.763721
176.433600
173.991055
169.673317
146.585084
102.255467
166.664342
193.271733
140.498679
136.363059
103.073261
181.686919
153.896997
107.333967
110.092925
137.951829
122.860190
157.735691
167.376264
171.189255
180.243608
196.343236
134.309431
161.826185
156.200792
130.096098
191.650938
174.650901
169.082026
163.065791
184.224764
133.877649
185.178907
113.914660
126.830630
125.191535
123.242797
141.007542
193.807513
143.115280
143.284460
122.486984
153.913355
192.031111
117.236741
167.585021
116.436677
110.807576
119.022155
162.509162
104.717084
167.826213
198.023669
162.681938
150.865385
150.736058
119.165281
169.380447
149.922478
126.231561
136.408752
146.613195
120.285855
177.134589
170.028979
188.926807
105.173058
177.320686
144.142988
132.024745
136.841450
186.822527
163.626927
118.473179
157.703942
170.112705
175.357781
120.910093
128.650520
182.682590
162.704756
170.159286
147.744167
118.955713
113.762465
168.438595
143.861193
172.143963
174.193987
156.231552
106.586802
116.379677
152.005627
108.593940
172.080395
194.150921
173.005701
123.639326
229.169896
173.201669
220.169717
170.088731
184.169391
224.852427
197.704476
241.249151
207.824284
189.826013
175.500955
202.312755
242.307298
180.090375
217.378840
222.216835
174.396768
222.982931
182.197734
237.867058
206.521296
208.604148
167.663345
201.425715
207.173909
195.229115
244.297758
153.286766
220.538952
162.743294
195.375210
178.692405
211.550458
220.254112
243.824950
193.658494
192.713547
174.325550
246.978417
220.472348
180.514535
214.791452
213.295959
214.881663
151.101584
159.206132
188.628583
164.186379
235.958332
177.185413
243.110374
182.196529
225.847679
247.709375
170.786033
150.846593
187.277022
245.952528
229.355759
183.608111
235.015851
231.482157
192.858600
206.614952
242.031978
222.179469
243.868015
205.136609
248.088477
163.196013
205.851940
193.496638
163.566158
201.399297
206.923551
155.216835
160.080467
185.145130
154.532538
219.722257
222.363959
232.895399
153.992463
199.974913
204.512753
216.777075
163.445528
209.704267
234.660186
248.785550
246.686589
238.135098
154.286731
168.368576
243.077315
151.821158
233.546393
202.278368
185.146277
150.815713
247.550267
266.841927
299.335646
225.886141
270.731506
247.397488
297.283587
248.951179
258.160366
242.748583
297.170053
277.847786
240.912869
241.519247
296.105946
230.225881
281.179135
246.145642
296.455020
271.451128
285.959024
269.121560
292.906872
236.707817
265.098739
257.245019
225.998010
227.826648
235.076449
262.172694
201.210029
285.365844
242.723637
295.056800
215.481237
282.899586
225.322168
272.817434
202.413034
238.358423
287.233119
223.956427
220.663802
263.667868
283.552530
251.547527
296.702936
236.378702
208.510891
213.996682
202.607323
231.122966
259.632327
271.250189
245.039095
237.158004
221.744274
209.960740
234.582122
262.889989
258.566368
224.384247
221.058530
233.958130
218.703428
255.404612
299.203718
289.573478
285.369883
267.765546
229.387319
292.129631
294.993962
267.085447
247.503613
257.117818
274.655182
252.671395
234.990477
260.811338
270.505258
205.966097
214.790375
202.967809
277.864284
224.677996
268.075491
202.361771
261.581815
233.706673
234.134964
240.715828
217.750885
264.697709
271.587769
228.466222
254.068323
292.763968
276.176869
278.401951
314.732477
271.956812
312.881572
310.300514
275.279995
327.993351
319.086323
270.516284
314.784367
285.847416
288.403418
312.620016
262.830523
338.048362
308.187977
281.968745
348.313423
269.650094
281.354893
337.136888
269.510800
322.774072
333.164373
261.582957
313.917945
347.385449
253.723528
337.667748
326.423126
323.237664
334.968512
292.955876
264.837400
271.026304
306.148806
264.811514
296.895401
341.908968
325.041757
286.122675
289.611769
294.166730
254.315607
331.013102
295.741467
291.897321
304.267120
337.169515
296.940386
319.439570
306.641971
288.791194
292.569737
284.368282
293.574399
332.707895
331.438973
301.748853
273.711456
326.463862
274.636785
287.903256
321.648892
323.508846
335.120074
337.186945
283.940513
277.301088
331.205144
266.956551
269.335807
331.623928
310.386771
260.465399
316.831607
278.188306
328.234515
324.183650
305.201415
276.185306
268.527141
342.328038
316.116320
321.210219
289.588182
260.015137
263.212774
292.341442
279.920034
296.486995
336.199725
271.986838
327.385908
257.668591
341.518679
299.654700
265.823274
288.406094
313.317286
294.180636
339.634135
305.380133
344.605097
389.392621
315.551146
387.694513
384.226916
375.795151
301.548468
357.320594
380.845346
314.123509
353.192553
335.177353
303.128799
304.677757
309.010469
339.169155
360.554136
323.469468
356.268572
399.957707
374.821988
369.169775
360.487966
383.041090
370.793334
377.441711
362.328593
345.610948
303.445681
387.093806
362.270523
323.282289
305.750670
331.635755
344.700609
330.323932
373.500515
317.249370
334.021574
371.410355
360.204778
382.029150
364.836468
359.407428
328.942454
381.540213
317.031464
305.337190
337.923627
320.445092
306.664841
385.685706
386.106952
313.748970
344.568295
342.290459
363.318928
328.806320
398.777121
360.578477
379.262114
330.190471
334.093989
374.438817
349.568432
336.434513
343.378455
304.523636
393.666815
344.100268
333.663331
344.371107
367.120767
362.358191
300.573284
314.496493
357.529502
392.694087
318.773289
393.379758
398.092592
344.403968
376.523286
339.558326
300.699207
326.005444
323.839457
330.062778
327.244558
327.709372
395.906812
359.308177
361.849379
393.873850
326.782928
333.847820
366.998992
327.230783
369.979885
359.029554
418.166038
409.441701
440.863735
438.645209
427.448643
363.862945
383.708164
366.346828
373.992914
425.329575
357.656130
435.010283
413.079223
410.691102
365.738888
386.315532
416.237637
389.137411
410.929044
378.731722
414.093257
403.083456
367.490106
380.208847
365.192990
443.953455
389.744926
441.354677
390.762786
378.705451
385.579745
360.998107
408.669471
421.549478
406.081963
398.375297
353.843795
422.297819
356.377683
375.862487
421.219685
422.853986
444.017479
417.233271
413.715544
438.137930
403.267655
384.294659
391.305490
372.542460
411.938278
428.714836
434.700282
419.790530
411.740563
358.203340
425.359822
433.084600
439.231533
439.241551
380.493473
406.272034
369.891072
390.566142
435.485001
438.286835
431.929407
351.134436
370.233940
370.151283
407.463986
423.241586
390.518817
446.276623
447.342455
435.647314
435.341661
396.042769
380.043346
408.937059
358.893037
388.106601
351.321389
447.382093
394.475334
375.186483
373.513606
380.654045
426.483796
381.059550
390.797256
353.914732
405.094651
400.343822
356.981800
448.404869
435.236149
424.242405
404.960431
457.878272
461.762655
412.045095
490.983733
455.992019
462.686366
438.446201
416.537614
413.357299
495.887500
426.988149
486.554105
486.779072
439.905691
414.169903
432.156130
481.639034
453.848925
459.299164
483.475215
461.234088
454.941255
426.980155
470.166601
467.638234
406.561281
447.143923
446.524310
407.772283
435.867746
445.705730
432.682835
466.768281
459.427435
438.938175
417.794789
424.496764
437.398523
405.495858
486.482293
490.130480
446.243154
456.634049
459.027637
442.870596
488.857298
438.412264
499.852230
445.200689
414.543185
426.118923
444.485887
442.861820
424.084936
494.247565
474.877932
475.392102
420.474671
452.247087
490.716519
497.174652
481.538665
421.469164
476.534603
401.441098
485.340938
493.039973
477.640666
442.270201
468.305051
440.941519
480.395096
408.757979
406.449706
434.551438
479.405311
459.804547
417.872173
486.140804
431.749818
439.684204
406.037187
428.554534
426.405510
432.107570
465.903863
428.417185
403.535047
422.990185
460.332423
435.995438
467.389494
402.308996
489.451124
481.080435
458.719403
407.687934
467.921444
431.250383
482.484802
525.834296
530.171761
510.231339
478.380238
479.600605
491.337983
524.325235
477.477052
507.346534
517.284810
537.441530
491.971499
477.895175
527.365854
527.096174
538.745020
549.733226
540.188047
529.321893
466.022069
503.872567
509.211926
475.624103
517.015627
519.255782
479.075964
489.780692
536.418833
486.616105
460.353426
477.971935
508.037768
476.257830
511.477237
516.201377
491.722255
512.352268
469.734890
533.950923
485.642542
525.228521
459.082440
524.337785
484.589943
536.933666
507.577735
509.436353
509.781982
509.976184
537.807152
509.979061
530.761191
513.578092
455.480017
489.263586
473.323401
523.092551
544.229961
474.442695
477.718378
498.002456
522.420685
535.986610
455.785936
517.517629
484.184757
505.478761
462.469348
508.888419
545.801161
485.033428
508.138109
549.467979
472.937886
498.876526
486.449861
510.573333
519.356757
495.049600
454.055656
459.628779
478.923150
504.620198
528.670371
539.519950
527.484489
534.616312
508.579335
530.061763
538.755284
456.786315
540.077351
488.662675
481.956510
531.260319
472.857735
510.142508
464.776953
539.737792
563.787269
504.671514
554.761417
568.476454
545.707491
590.918149
562.534143
564.617373
500.568230
523.778858
594.251821
531.500790
560.684683
523.355364
527.204801
515.979903
599.444116
516.501735
561.059695
547.076441
580.246899
567.452132
575.616385
523.309664
599.416714
530.276110
547.837205
581.575640
518.675814
593.897101
576.586431
510.635369
524.185353
542.573089
541.149726
508.387535
530.331778
538.366688
589.848872
519.524865
557.960327
593.805585
541.383898
554.729883
580.261190
589.226542
509.850715
562.162795
560.405228
583.242429
530.490720
589.315755
524.488167
549.555369
566.281592
559.600385
530.841531
532.946563
534.293126
516.940645
504.368556
582.174974
564.442619
535.482513
573.576398
518.862674
543.464396
508.004759
551.513328
522.584444
562.324345
530.633479
522.722904
530.514409
579.787143
537.435620
554.363680
546.796787
541.580250
571.915879
535.868709
507.354472
579.876396
525.769751
516.788515
509.181002
597.615073
534.515327
570.054325
574.624802
534.539128
546.228136
516.455005
533.813608
512.191120
589.766658
527.663283
513.399763
512.292139
524.733589
589.762219
572.883830
611.190541
581.981516
550.734538
555.531708
582.203554
578.991075
612.837285
579.970215
593.908622
631.456691
611.782344
610.424375
639.658306
596.826596
554.044397
564.661154
589.365440
561.199084
628.056601
590.529025
608.633652
603.080494
585.651240
629.638052
642.732072
611.820701
610.749282
565.371143
602.148554
573.856078
605.662339
573.339506
645.050386
612.878408
590.182970
600.837749
596.240900
567.389399
638.205837
562.378952
615.433488
623.638649
594.800139
621.974515
609.243389
566.929082
612.322452
594.205467
608.086957
600.154059
637.247172
607.886311
616.913949
642.141545
574.308436
601.069122
593.816931
589.882009
577.894551
614.513381
626.943141
621.275616
648.082165
603.048943
579.947409
603.315438
587.518518
597.894380
639.756208
571.488512
564.747785
596.085270
560.093676
560.598070
589.425666
640.265301
571.230333
557.729006
558.224763
645.684863
583.546096
553.814482
595.963776
607.712451
578.490807
551.428854
635.264964
598.463770
593.789736
607.006400
637.421725
592.852163
564.848480
584.981788
645.783113
621.900628
598.845066
591.800452
665.091911
656.948608
669.295591
669.328464
684.875118
633.243705
621.015224
695.900054
621.889372
689.670734
686.124454
669.474463
639.062229
686.449657
623.913643
615.264532
638.273052
657.387098
628.128513
667.527778
649.913827
614.852151
687.073965
639.986575
679.126904
620.795500
655.157970
695.002819
695.784468
648.156591
618.379921
676.829743
666.619225
643.360599
613.718146
694.224488
680.008181
689.325121
616.414033
643.437792
669.343794
642.943662
626.398649
646.697219
617.941486
619.364771
645.734786
654.326598
628.623503
667.397147
679.869794
679.905136
649.332114
698.659072
685.479418
662.669819
686.547925
672.809161
675.338188
675.358530
680.508236
633.020868
647.746200
601.815002
669.856407
602.272494
614.763117
660.794846
652.204080
661.350850
616.054779
698.478231
628.391861
638.573214
686.994069
679.548608
684.246216
692.356670
628.760672
651.845069
690.601750
662.696165
668.119247
604.784545
644.797130
638.777154
629.701150
610.836875
602.097652
607.368636
645.664418
667.204307
683.606143
645.309339
676.216219
668.966161
688.226302
612.025208
688.518901
639.515017
682.466154
732.296217
708.335506
745.062805
743.191511
679.207769
739.822626
696.688005
724.214087
723.408581
735.522852
652.654699
689.400753
737.606955
719.252776
724.997336
682.490312
713.857728
654.092571
677.403670
689.439038
650.026269
674.705521
693.890380
719.481274
664.020046
676.435187
666.353007
701.466480
680.366258
738.212551
655.762422
667.652147
738.547973
722.418021
653.762028
690.722246
664.369699
714.930485
684.394446
705.271065
705.198499
652.061341
733.632156
697.270885
712.861263
660.363224
729.487310
680.812044
678.498046
704.357318
695.405987
747.919209
687.335127
694.309313
690.516660
710.224423
666.538637
679.004549
679.958581
741.478664
745.128373
673.175896
727.133532
715.143350
737.842313
749.476617
686.281550
684.702502
711.362012
675.627801
681.033176
738.160652
695.021424
714.225241
672.960398
656.441314
711.639593
737.058390
671.444907
747.437226
726.898215
707.111022
748.743031
651.154658
705.493314
675.225987
652.034205
699.039763
733.990957
657.706536
699.582758
689.946184
748.579625
716.535821
741.512565
689.578324
710.620483
667.957314
680.468783
736.481928
750.056848
719.197738
794.404779
714.865136
762.533306
751.567317
772.720606
765.579330
766.632652
744.798808
707.910843
753.720161
794.514997
711.659436
793.218937
784.610710
752.979619
753.959135
721.724775
752.830524
747.233115
773.130152
746.739781
780.030200
765.406919
737.571053
771.029608
742.208991
749.239743
764.481345
753.775285
734.999815
744.766568
727.931004
768.902488
701.580950
735.462849
788.073776
754.957643
793.742672
723.109832
736.800478
777.937588
780.677128
756.195427
736.263174
740.119394
733.045191
701.862520
757.900462
740.202180
760.537532
789.601369
768.497774
735.857945
743.848353
751.410715
718.942950
749.587660
740.350674
790.834410
792.804036
748.606586
708.439126
773.419460
773.678377
780.676461
717.680932
744.585373
749.950799
702.396956
769.499887
716.457772
719.871020
739.808794
733.474651
762.282398
724.749580
750.768352
762.063720
748.615453
750.911098
707.436936
752.995183
750.805653
740.571963
763.694053
795.196473
703.845650
708.970862
787.789935
703.863999
728.444045
782.744466
703.042423
711.551735
754.993228
775.506330
714.426529
809.048144
844.190352
822.169350
759.191354
809.284169
790.656504
832.916483
813.650817
774.204562
825.695388
826.672727
759.593745
767.644017
845.274102
785.987751
782.790222
801.417634
838.871656
845.148575
819.780673
830.302968
776.694361
822.972069
774.313229
838.498479
848.571869
776.313677
828.106451
805.420659
762.531860
764.521283
789.825823
836.548231
759.140546
819.949829
772.380071
802.693846
828.199975
847.117770
847.224498
807.301996
763.547445
792.373675
843.834452
807.507814
781.547369
778.854301
816.771434
783.933267
756.564708
789.702761
795.912295
770.556401
848.607931
826.476562
774.165514
831.646456
837.223441
792.541720
845.624966
827.203781
786.395564
793.430531
789.753136
837.413579
793.156396
814.516965
849.431750
825.775641
781.488686
782.561757
841.414541
751.381656
834.688467
793.205075
802.412489
794.679284
808.826837
832.155801
780.112941
786.458501
813.990382
805.119404
826.447347
791.328809
780.744385
833.299882
759.429549
845.497935
821.479393
758.789066
815.500016
801.501164
815.856540
789.983315
836.329147
773.708267
820.963107
802.746815
815.528632
882.879352
860.170479
871.193053
847.111622
852.200731
834.040278
819.846246
851.760206
890.289235
805.931453
838.695780
814.476745
894.208936
800.696180
822.195803
822.286836
818.263601
800.697573
841.272777
859.110854
820.517110
878.921023
832.838473
845.808582
855.280886
863.751560
868.148781
839.631245
865.927942
859.655634
837.763082
888.713133
885.577832
868.061970
828.630193
842.561773
883.403334
861.840794
833.185566
814.666166
830.789119
814.306979
889.143838
843.659432
809.783966
813.745089
882.409829
869.234843
862.296105
829.164650
849.460531
839.155974
857.294167
830.574231
848.457527
837.310386
877.395244
840.061042
847.119850
881.187272
891.990857
835.779232
804.319741
847.352555
856.883266
827.295502
809.129833
863.300326
899.755804
817.086541
897.076808
848.730440
867.904776
875.219207
894.910889
834.035692
883.415507
853.350483
817.001779
813.432485
818.996506
889.824732
855.867867
847.684668
827.674241
818.383645
813.030552
845.027102
844.732866
854.022833
835.999176
843.166920
849.955834
812.711874
884.375327
893.993714
802.366896
896.475564
821.882377
805.946381
875.264289
910.478157
932.924375
944.602393
921.534117
876.884719
946.455701
855.312741
926.567038
915.166096
908.407333
883.704462
895.025981
890.991157
925.086741
866.855103
911.737071
868.859606
852.666980
896.503595
901.823783
944.423925
891.182116
924.518015
891.661778
884.848941
893.396164
908.207091
887.119580
885.441373
873.484426
936.080483
851.388989
893.662742
924.243584
916.075758
930.861253
853.893482
923.949469
903.197101
903.475889
892.421142
883.230070
908.598415
865.392407
927.768734
885.124537
886.200384
895.349830
868.419619
881.181110
936.583446
942.280172
892.499960
868.096711
924.562530
900.198553
932.368446
949.201454
932.742358
868.538383
876.959831
929.930679
851.474019
867.101961
897.574374
936.092936
896.523379
915.216011
922.704934
892.548025
885.030071
884.611552
887.213388
885.363883
901.271394
940.752834
854.945820
932.796840
871.884543
861.883729
924.986466
910.629217
884.936326
887.571494
906.977705
881.696956
898.802988
942.948914
905.096732
921.824720
942.710894
920.064422
866.164011
947.383353
893.058379
908.462942
911.158221
870.192792
891.853375
956.910040
914.485467
985.633424
959.830133
909.550950
902.681876
945.521824
972.242403
913.335751
959.302904
980.309600
923.933982
993.578403
949.603475
959.432707
947.190600
972.898269
935.499259
946.332382
919.741385
960.714080
955.773766
901.244658
936.250030
963.435109
970.844419
936.762015
968.000375
965.420257
923.150327
945.263193
968.444177
997.019218
904.222362
919.070524
969.175727
910.785224
948.276903
928.798455
981.562263
967.933592
900.668379
960.021347
949.456407
989.231970
903.550154
995.536306
932.709379
926.951889
962.817929
964.834973
953.027303
908.314968
963.042683
950.840926
937.965157
940.353693
993.009928
900.174409
964.202071
905.120309
988.752412
971.729167
960.904624
982.032986
983.002341
902.026753
957.696344
985.189901
901.282967
990.601561
964.850816
912.920248
957.758259
966.499603
904.785963
953.752728
923.300857
935.290677
905.530244
922.148666
953.400933
901.940941
930.396881
989.610639
920.995471
976.018734
941.866389
937.428770
966.636875
974.087438
976.104256
986.797426
927.757993
967.305238
950.173419
999.077646
937.233361
908.904995
908.710292
958.649596
985.164980
983.034357
1014.333743
1018.932605
1004.559904
1038.546406
1007.578207
977.425358
1037.564220
969.200931
994.302297
1031.371360
992.259783
991.657363
996.156284
997.976202
1017.496848
991.243900
1020.158247
1011.645899
1013.726192
1044.870190
987.463339
977.810688
951.250588
1014.709608
1012.825751
995.546925
1007.135270
953.765772
957.025381
1014.321763
1029.098701
1032.268969
1033.196792
1049.930538
1014.969350
952.277961
1020.445189
1025.238640
999.738115
986.354961
989.283146
993.088058
1032.304080
1037.750267
969.118911
1022.530079
1002.185021
1042.358510
1022.266272
953.726497
1042.394423
983.068313
986.316020
986.775145
990.678379
1012.399635
979.600800
981.451926
970.403419
1022.624228
1040.656555
1003.276796
973.777852
952.555748
978.112162
974.554640
970.135676
1005.653652
954.247410
962.824906
952.281402
958.126882
1029.340771
963.119745
1030.524403
1007.659420
1000.886028
966.854488
973.804334
1027.210255
960.739632
1013.920504
960.729036
980.182881
1021.307025
990.986320
1031.063746
1049.497730
992.174138
1014.449687
1018.638580
1023.603598
1002.120449
1011.903793
1025.738965
1033.490659
1010.402667
