25.378814
65.345983
41.886851
69.245840
2.206376
17.069068
71.337009
91.455929
75.768880
79.783076
28.353090
18.876807
67.122658
69.716353
38.215357
34.348239
51.649753
34.939318
0.214759
44.136549
90.575504
53.989654
10.867202
35.384503
32.194502
70.009089
50.247403
77.702735
60.808879
73.455327
22.156280
49.843632
51.829829
10.539868
62.271731
6.065252
43.254667
79.547908
34.277145
13.264585
86.246185
30.233172
63.346205
62.368099
90.507470
11.293000
79.166344
56.050898
94.459779
20.509881
14.325199
91.760841
49.447540
8.148521
83.567220
97.508525
67.759961
29.536489
60.834916
88.199585
60.646482
83.767190
23.133876
4.883914
82.408945
72.544190
4.549193
27.205266
74.108924
12.752792
55.721016
5.546247
27.352274
6.278150
81.717753
69.117248
43.320172
64.833470
56.423147
55.902368
74.555001
1.513147
50.619682
1.543067
12.765243
90.569810
54.942433
66.419128
11.124418
42.662615
49.206258
59.432429
66.527658
9.529425
62.470683
48.678292
48.949434
23.176385
87.790331
72.153828
106.360927
78.098299
70.553262
119.446972
125.994221
106.444333
74.446492
108.010331
113.657674
122.515988
135.958925
142.218124
120.661425
127.083024
127.484821
128.227087
102.081151
102.795991
50.410886
118.174366
70.644520
64.668912
94.120806
132.318453
113.188750
83.417106
65.773218
113.727437
83.721151
65.635728
145.889512
111.467245
108.403528
133.576720
81.242075
148.173716
81.363559
124.956471
59.493829
62.504778
101.431574
116.367548
143.653066
79.245487
87.649491
119.070692
86.983708
87.570075
131.509007
106.092497
57.525153
101.714687
130.474795
72.084023
126.722424
107.353507
117.794402
92.104437
147.767505
123.619249
111.726727
72.367928
68.838942
111.929687
127.512803
130.876816
148.808941
115.846810
59.302555
121.589063
136.469821
144.445076
147.438262
57.948228
105.273692
77.661783
64.777205
108.137347
102.026540
89.175447
122.012442
51.143975
78.281138
73.440066
106.652831
144.939389
93.495906
116.831573
122.598195
89.146952
53.510215
88.521381
63.383237
70.266750
118.259036
67.871130
129.522477
143.859352
95.225247
129.551551
161.515996
100.015349
169.513823
184.035376
153.117145
119.125754
145.003535
134.538098
178.432372
120.774126
116.532951
141.387532
157.491917
114.576220
130.463542
127.763758
117.025437
191.961342
120.461057
132.501241
169.997994
149.212737
153.543625
194.104320
145.614494
147.911926
120.675065
179.339806
165.600256
164.943705
175.907680
180.271828
135.653850
109.041659
194.603794
192.972658
170.991203
118.378748
107.525966
117.785102
163.184109
180.039699
165.222944
154.350772
111.311958
163.446592
120.649754
139.438746
146.758758
134.681685
125.614661
159.916527
181.938560
107.219532
195.655373
179.081561
104.186343
155.173941
148.146237
174.223188
161.865602
115.812834
117.077428
149.581114
136.592744
168.819839
178.926340
118.175202
154.479593
199.829531
134.479121
100.696243
133.903846
153.828266
147.483538
138.867362
125.686215
147.703351
116.774076
172.098600
161.017813
158.445966
112.579774
140.730083
164.110277
114.953653
119.411358
190.147370
154.079485
196.106409
173.532498
185.759525
104.677790
192.204766
174.098401
122.475927
141.840398
183.512444
141.788275
108.517770
230.664351
246.137272
210.097600
170.848227
232.697385
168.075105
164.854476
156.216823
204.832879
217.425793
241.622375
166.732446
197.447086
175.778180
197.917745
158.143941
206.676968
236.121699
248.035043
179.243892
236.537789
237.810256
231.904060
225.786042
243.627488
202.322173
192.755738
152.493826
175.851675
186.616611
161.398236
189.239871
229.609298
249.530648
194.784805
194.615482
179.472998
193.005517
207.793809
176.436516
235.015241
211.622722
197.437239
182.025168
170.452296
231.894561
152.238990
217.735772
201.740342
216.694748
190.538858
164.917586
249.667630
186.902404
211.545268
157.516219
192.653935
231.637165
207.343425
227.028205
227.636001
220.192870
214.734245
199.482772
231.724387
236.674478
153.912342
239.159846
232.183518
211.718997
237.093352
208.391350
238.456030
193.700974
248.776824
167.546279
161.141386
203.133240
205.996614
205.910093
178.328698
204.812291
184.152118
195.731580
165.113522
206.254469
172.130587
224.744533
181.261505
224.918588
153.440856
185.481858
184.335080
153.116954
238.043922
227.115450
240.116400
214.700321
210.465377
244.747670
295.360532
279.403565
247.802217
235.297581
208.301307
244.395441
201.492093
275.776803
268.236788
224.835381
245.449989
223.483523
227.156206
202.454840
261.308192
204.766827
264.017925
286.483736
260.840855
269.459246
226.523876
226.679577
224.009363
229.284533
267.478750
204.335223
236.184279
239.002021
265.915758
273.232150
233.621939
228.935035
289.330058
208.759150
256.367963
206.343550
242.064724
290.492522
291.942164
238.932510
268.573499
279.321175
219.836042
253.720911
218.400732
255.597648
269.343878
298.949603
217.924539
228.879146
227.487702
257.646396
285.393433
211.279935
252.435014
243.330444
235.296716
239.473799
201.359748
284.776831
221.222261
272.470088
236.249082
216.306462
207.345296
227.859100
278.320627
267.192552
224.992926
239.337254
291.683429
263.001179
254.851108
293.094514
258.551123
232.034059
223.159211
209.042677
275.660051
278.747594
288.769555
217.636780
268.872734
248.972832
240.108103
228.318524
250.537150
260.828548
267.298276
286.307498
213.614865
262.492412
294.915934
228.514572
250.914504
261.553718
294.512217
267.700066
221.604172
282.622657
274.937839
303.303518
287.316769
252.782300
285.097012
333.966550
347.396788
293.451433
330.286438
349.480651
297.729035
285.616614
254.227431
331.367327
323.720652
305.543418
281.393258
338.092487
328.650151
302.547198
260.096937
345.999200
295.683375
303.029828
288.992295
300.201698
271.991668
338.573311
275.974640
334.987288
286.824532
278.757024
311.819225
346.846738
294.294504
336.300815
332.386094
290.754133
298.216280
303.463442
273.218829
269.699773
321.270372
304.986981
307.447448
262.435253
260.493542
299.858853
258.231009
336.296248
281.044258
321.454829
323.447385
326.948580
282.011216
253.217630
324.861288
281.763560
288.429274
347.087663
308.966186
270.909855
307.866475
273.587200
264.122434
279.086319
285.371148
299.678308
328.935938
253.935093
292.369067
336.944120
338.413653
269.752682
330.922475
303.313160
325.405617
322.333654
319.953565
339.389336
280.635837
307.166684
296.212845
309.544072
304.709784
277.645018
316.503094
294.532098
293.056369
273.775175
329.083739
332.822585
330.884608
331.480014
276.318032
299.943757
278.294954
254.949276
282.622147
271.451795
305.089877
369.953067
320.240105
315.110333
352.023410
323.807901
327.073197
372.891661
371.904677
377.073710
368.570787
391.752051
363.292341
359.287773
358.043008
397.544189
322.180385
349.147000
351.753689
382.327531
332.899881
335.965552
334.222643
316.953734
339.100364
369.013166
357.260467
354.091732
397.638181
348.128076
371.486857
390.368398
326.489940
314.312969
302.255522
364.647015
358.302741
377.131164
395.617912
371.636301
385.032258
343.780261
332.113533
349.329521
329.537024
369.087279
394.478791
367.979119
399.470767
368.617279
376.357084
336.988118
346.248447
322.130389
352.400421
369.092792
350.255650
358.939581
316.805118
343.598859
372.007746
394.239526
330.031564
300.598252
309.716328
300.063948
314.477636
380.511394
332.076351
339.786352
327.306380
332.366554
362.406826
363.789252
309.023542
335.890084
341.681050
327.844904
398.916058
359.363725
307.824241
310.423695
329.122138
335.767084
375.024771
311.866159
387.781103
335.391268
367.661659
356.430363
305.527617
317.556155
373.843932
314.194732
302.028731
374.218212
389.774074
376.889583
399.933022
339.301244
399.812708
407.765611
432.309336
439.240437
418.260200
427.647033
442.985413
420.297321
375.014910
421.410849
355.916672
390.210652
373.689366
363.881782
371.207697
367.001297
426.860096
419.525254
368.497936
398.832234
358.793870
406.501287
425.222780
404.029754
448.580070
388.287142
425.216529
408.823194
395.701660
379.412831
407.130592
395.186407
428.029888
422.186040
352.308200
423.719741
364.067902
373.299806
447.251805
441.541149
377.853208
414.505518
399.447005
408.852017
410.582795
449.701593
432.060279
400.649687
400.602453
399.093680
376.440470
380.272411
370.730712
387.039170
375.405488
388.355158
370.705663
416.369808
372.413313
440.881893
399.256406
406.033860
388.820473
384.268454
406.966670
394.603189
400.835306
412.397427
382.016004
415.614439
395.654729
445.953083
402.469924
364.046370
388.906615
376.447429
382.240868
373.298994
412.115272
378.927533
387.165354
407.765591
419.949462
380.374767
357.570025
391.139205
373.027961
409.095176
394.044542
376.564279
357.285567
373.883489
366.693460
356.989189
350.237637
374.973925
362.551021
400.164371
394.502086
442.405543
446.256060
436.763826
402.092612
472.057255
471.865190
476.691349
448.641308
452.924148
452.779053
493.270455
491.421038
449.139845
430.209161
439.837407
480.169416
489.687391
441.548015
479.320694
414.132834
405.093900
441.333971
465.392939
467.891684
468.607453
449.804999
473.769956
451.937622
421.343413
420.674261
422.163580
422.763879
475.896835
455.300481
405.665201
483.304728
484.138274
426.103964
490.070715
435.657116
473.323069
443.952008
493.683725
436.485686
414.599303
443.586300
456.490085
489.456542
483.045238
447.363893
472.789100
442.120005
427.009928
463.074278
458.358010
407.465552
417.492176
421.843089
475.159094
439.011623
430.634306
475.998417
401.967180
423.836916
434.743053
468.305103
408.839566
455.192991
441.190216
430.362540
437.483341
421.984121
486.176345
453.327020
417.677994
431.580016
437.009312
400.825325
455.520209
451.508828
412.105565
460.367513
401.848050
451.162320
453.342896
451.669678
490.985646
454.779245
435.020548
492.736144
467.373525
408.940586
450.963197
468.446118
422.564968
481.196550
471.285541
422.241003
407.900418
470.950263
430.441800
472.099887
475.594270
506.553391
518.721324
516.090201
478.429664
458.765757
529.856706
502.441139
485.236195
521.657750
514.771463
482.440343
501.278608
532.414639
511.880264
476.166151
507.701340
534.333036
514.571426
547.356519
497.395364
492.217222
537.675070
459.970307
517.396857
469.132666
477.804426
526.620343
545.856269
469.828292
451.769095
513.334631
461.802368
478.454086
502.793199
522.477409
494.879795
540.410800
476.656175
462.516961
472.327812
533.383260
544.299940
464.701575
512.236539
474.743291
517.281230
468.533861
508.520810
461.115769
533.629812
508.086726
474.951209
493.499938
517.241774
479.327828
456.839397
460.864091
532.873715
528.845529
451.909680
546.857271
467.446046
519.157440
523.442432
513.096123
499.740205
474.799891
530.056164
545.513347
548.427201
457.488800
522.312275
525.438703
452.307782
547.767707
457.952668
488.320454
466.117786
514.131585
456.224928
524.717183
542.509945
522.351692
514.771989
523.939596
473.046659
483.845779
496.823993
523.311078
487.577609
468.758913
479.702440
507.004199
513.385706
477.909583
528.265249
455.531519
538.859153
597.891825
555.802761
588.989964
573.439915
514.690754
572.786971
519.119318
576.683798
590.616395
513.893899
572.389114
595.106222
513.536490
538.309297
505.666491
532.630431
507.472580
513.093194
564.368961
589.849155
543.134513
526.320452
505.048247
584.029976
565.752448
536.596401
530.165768
563.250678
552.008946
535.663987
589.787675
590.897383
525.119807
535.356875
513.171720
523.906987
543.413834
570.863092
520.152620
599.657508
598.528583
567.258296
597.362880
559.150048
574.899866
571.694278
597.753523
574.322496
541.937649
556.484826
536.277158
587.012019
578.922175
532.392011
513.779379
503.331325
517.003779
515.136921
510.421615
539.944266
519.312041
597.649209
558.201950
577.673325
594.940119
594.899483
598.815275
557.515119
552.002774
512.590349
597.601740
543.898616
535.049031
524.489496
540.579933
569.353441
597.130799
521.120255
589.211568
560.701431
585.712838
527.968963
536.384117
548.646369
566.484834
518.470922
533.626199
545.030516
505.554710
562.114618
574.847040
577.723393
571.853900
558.589289
548.726118
593.469092
592.937043
548.241126
542.175847
518.989180
646.820540
556.742623
595.702547
585.306394
634.190582
627.361856
582.626230
581.835731
589.808281
630.878404
558.760057
595.074164
639.798146
566.727662
646.036605
610.934258
622.636653
624.765894
584.448147
565.657266
610.859368
599.845985
619.542536
636.306765
578.829343
554.469968
560.715168
646.592259
601.783334
631.368682
633.630249
611.487372
566.550107
646.287929
550.263566
556.217508
587.974667
633.649867
634.901873
571.877495
563.711417
554.694299
608.825469
570.356106
569.741505
628.151787
632.164237
584.534593
622.903454
638.677696
604.244858
557.820904
628.706661
610.815527
632.283846
579.522287
590.184737
587.744343
602.392756
610.580431
610.505181
646.614504
641.990052
599.663085
588.821091
627.316943
618.233293
644.763196
579.699279
610.350806
552.640055
574.347143
589.949857
631.286466
640.646135
612.332428
648.222380
606.782865
643.390507
565.202058
567.960905
587.889051
566.155881
627.570416
623.365164
584.928488
596.025039
631.399308
609.301685
633.825152
572.963462
557.894559
595.992222
614.432409
572.026771
626.654586
600.827522
611.352012
630.531365
574.816407
602.556503
616.937578
647.522637
626.372537
671.815488
620.839920
693.760770
656.932285
677.585337
676.417347
675.460413
652.483363
689.087878
677.552487
697.296348
637.006782
697.514058
668.046059
651.229156
679.782114
680.435518
654.203368
653.929853
637.260289
666.107853
636.823309
635.991353
697.699901
698.293222
667.866691
651.700116
619.341270
667.216891
619.426570
626.142289
640.481534
670.286562
612.050855
642.254617
600.756060
631.228569
640.497649
672.909480
661.493455
612.334386
681.301572
649.881697
652.325697
604.719345
610.299383
639.220953
640.202957
673.165046
663.392755
643.123151
691.610220
652.176795
625.456716
625.662933
648.204895
607.850351
634.034403
641.847495
672.657095
684.703816
684.142650
690.071187
686.366179
656.036857
625.880822
617.919837
653.876330
670.595789
612.005500
603.890002
699.964303
651.048349
694.100999
660.556435
668.651539
658.133876
644.367249
683.122689
639.353216
611.406094
675.923593
633.401749
643.503665
650.748944
667.270194
657.748687
618.581604
632.448655
624.660266
635.820227
678.480577
681.862304
695.389160
678.864134
654.470431
653.348215
679.930726
724.602063
719.101188
704.844791
693.814755
733.315761
695.507432
727.320686
670.517939
735.435696
723.020198
693.035753
661.815763
670.717262
725.134379
731.215115
659.768851
698.793708
677.573906
688.375703
667.209266
672.299792
704.700475
681.881430
719.225543
701.095971
667.943283
705.140393
686.945605
683.985552
664.837033
714.410763
744.536860
715.739270
708.787736
710.940382
666.189530
652.118598
703.006065
716.997427
697.171700
670.349969
689.026919
742.852103
709.136187
729.610653
655.935173
705.898534
676.436534
723.177628
708.560113
746.878312
712.490990
695.249812
679.070042
707.388425
669.491022
730.313155
731.029575
676.905704
698.406858
717.926128
683.536426
654.013233
712.606257
726.340582
713.015358
662.198700
744.804064
714.870266
736.070599
692.565460
683.999841
697.009311
665.680281
723.884433
678.963633
697.376190
744.655647
680.739255
672.754333
664.428393
675.470716
727.746962
730.128384
715.370302
671.592939
691.850061
693.996280
659.374566
680.407569
698.008831
681.980516
701.945133
728.639274
722.220322
741.280029
697.879885
739.039309
762.400866
770.932814
724.967676
707.209423
718.896472
715.795579
740.720130
714.935146
712.022034
746.228746
749.867462
708.816456
768.130359
727.393080
775.761736
729.847365
777.831857
770.561125
738.530508
721.453732
769.925396
746.769044
789.610019
742.963127
766.296434
793.664404
754.300049
771.834073
711.103912
798.666985
719.629057
795.513673
752.607841
756.877432
714.170926
729.748784
735.387553
772.198642
768.569521
775.884559
746.575699
772.644884
724.714124
761.531338
732.962471
747.827597
716.362908
751.760187
789.226031
715.925257
708.674794
714.808743
727.692259
731.255238
770.875375
727.552863
753.661732
750.162079
757.124187
710.656711
785.060608
797.879395
765.883021
709.215024
757.146006
742.987283
743.635275
783.708811
737.898031
711.569537
754.956424
794.083656
782.672436
721.583572
778.388123
713.649030
707.919989
761.604219
776.683388
784.334240
726.958115
729.982527
779.675430
776.047510
779.122871
779.892312
749.317998
717.043240
750.937667
790.710473
746.305503
739.263513
780.349997
729.176227
755.861983
736.341066
779.824667
762.143601
756.285454
783.053545
829.484269
767.558387
827.332791
761.375775
773.761856
811.595442
808.077432
837.644721
793.744221
777.866841
777.766796
780.414523
794.134786
766.827513
828.499000
832.623373
787.804971
804.319401
804.430418
809.533477
776.873887
766.131443
808.500547
826.626327
788.234521
833.506558
829.068580
772.695141
794.932502
805.537458
804.276698
796.465221
754.125375
788.392688
816.740187
779.716188
828.763110
773.568423
778.338453
803.962022
819.362685
755.883640
809.888190
840.680881
770.282947
838.009061
813.979410
811.620067
791.511491
827.257377
810.383111
835.714862
783.933971
774.528673
774.387338
831.622386
815.291531
799.536806
809.289523
779.667470
845.912101
791.831635
773.134064
768.601927
763.616815
795.428366
834.384564
817.046660
817.869986
773.519472
819.461994
802.175416
789.688654
765.531785
827.676866
801.200902
832.724886
783.006701
788.312231
776.584263
847.232408
834.646686
795.321495
805.487272
822.484561
803.595803
781.547616
827.415903
780.143606
821.299652
790.389176
781.322602
781.778186
818.849705
822.003388
809.658684
812.404959
791.572655
802.958954
848.306924
878.904905
831.743632
823.689129
824.723814
847.099861
843.171772
858.185588
834.535642
830.426049
867.990937
835.289398
863.667082
814.495109
850.895434
874.672319
800.947894
847.096164
854.955487
806.656800
845.815167
827.628605
812.822423
864.022710
874.955598
842.690783
867.984204
810.119817
812.564305
802.996850
828.048770
820.583648
865.594063
841.379799
803.294702
812.763046
885.387660
858.353085
854.426742
842.751352
894.712158
869.299701
879.577668
825.122547
819.368217
881.768705
880.716595
855.602120
877.960349
827.244090
810.532232
893.658092
852.460788
832.302706
826.667510
880.004277
841.147300
887.981538
891.783721
811.806723
870.983709
822.105161
883.266799
804.030381
854.277339
875.588898
882.946331
886.550758
826.049834
889.190888
866.960169
806.539733
863.608470
838.034768
851.415860
838.321997
881.380779
837.213606
803.452292
897.277227
851.082872
861.798650
861.365910
842.004041
807.223134
869.275245
836.764708
856.522243
831.865949
834.931195
847.887506
876.602962
839.662198
864.064725
885.026017
842.124350
805.080771
803.646511
856.982867
850.088022
896.093843
932.095420
882.426802
932.464776
918.678197
883.845126
896.829984
925.344169
943.158706
916.062245
942.411708
921.602115
919.795526
920.026602
873.329135
933.299923
922.522276
894.833794
898.658636
924.411086
925.607840
914.961577
896.227416
908.862718
887.384187
888.463931
921.328023
935.328692
941.767244
863.085643
943.304812
868.751397
931.371058
872.816773
920.127879
925.294952
882.674953
923.023573
860.064984
922.499859
871.547824
930.901075
906.235867
883.111173
937.124844
938.796054
928.134178
873.406387
912.789340
870.839861
943.566213
947.959243
894.635635
918.710190
901.741323
894.540932
898.653039
918.610356
900.136508
853.366384
923.864783
894.479411
882.074540
872.120047
924.732954
902.488655
853.711715
894.506882
902.396780
883.285310
920.928271
934.616525
862.467250
899.416313
920.148005
947.813428
947.940018
924.229731
879.377143
887.254225
878.719467
868.870538
930.989747
890.186922
867.679120
915.804412
887.984893
903.485354
878.322327
903.837087
874.798332
870.058411
883.984576
925.758030
871.441585
894.976360
939.926119
915.490838
925.869125
902.860554
862.355384
929.713496
915.264256
980.831468
905.057630
988.828515
925.709839
945.076815
926.533436
910.282933
969.804174
951.987920
927.030209
983.431460
939.228002
978.769631
923.242076
921.619657
940.966324
906.091088
928.204898
967.308874
936.946706
980.664934
972.367568
914.290686
940.808177
989.581082
986.587384
959.056762
982.437619
970.410842
919.855894
993.678865
943.467807
982.489392
953.443057
968.432256
968.788659
903.650541
916.622129
986.216992
960.876428
911.722355
962.280065
996.011499
933.656309
950.317169
915.705578
981.729657
928.033119
998.895584
930.422744
945.456135
929.789153
914.645450
917.177061
988.952938
939.077705
976.280195
999.613233
944.491199
928.301688
924.557010
914.780110
906.692998
928.813373
918.164800
906.667215
912.835892
957.162750
941.683215
942.771898
933.627704
952.168824
960.390193
937.509924
963.608834
984.682153
977.791104
986.793811
930.284762
988.158372
998.753344
979.230917
938.045623
943.590401
971.865587
923.011503
936.539521
909.034096
942.045813
979.503903
910.422112
954.000823
950.332677
973.787541
907.649234
952.290675
956.285873
994.298272
1011.385576
968.202935
990.508605
982.431021
993.115271
1016.823961
972.761448
987.492022
1015.936770
989.062783
1013.770188
1010.321943
1034.458471
990.017280
956.004739
1022.332805
968.768228
990.188333
1003.226378
1026.142107
1014.673989
1009.198270
993.716791
1043.092434
973.957759
976.976768
959.174159
976.253237
1030.300410
1019.404111
952.842673
990.920706
1011.208774
1042.249697
974.517503
990.312870
1009.566946
1011.972578
1005.456194
964.342811
1028.344568
1033.974395
996.549509
1021.852526
1045.312700
1038.015163
959.637917
953.492578
997.243953
996.489811
1005.912740
979.235340
980.012083
980.881400
1019.439303
972.547303
1003.442163
965.342984
954.359901
999.027440
991.470770
978.487337
995.749312
1017.527463
971.565180
969.936995
1033.863080
970.041828
999.312698
1047.154160
999.254607
957.847646
1048.067638
1041.307904
961.561654
953.818446
1027.615047
981.164385
987.683133
1022.403921
1022.766891
991.526020
979.193870
1033.178623
979.615608
1029.671741
986.110316
977.902195
1005.903044
1031.616062
958.247985
992.305315
992.757310
1010.732457
996.529866
987.412631
991.405130
956.939780
1000.862125
1004.570289
