10.151525
26.138393
16.754740
27.698336
0.882550
6.827627
28.534804
36.582372
30.307552
31.913230
11.341236
7.550723
26.849063
27.886541
15.286143
13.739296
20.659901
13.975727
0.085904
17.654620
36.230201
21.595861
4.346881
14.153801
12.877801
28.003636
20.098961
31.081094
24.323552
29.382131
8.862512
19.937453
20.731932
4.215947
24.908693
2.426101
17.301867
31.819163
13.710858
5.305834
34.498474
12.093269
25.338482
24.947240
36.202988
4.517200
31.666538
22.420359
37.783911
8.203953
5.730080
36.704336
19.779016
3.259408
33.426888
39.003410
27.103984
11.814595
24.333967
35.279834
24.258593
33.506876
9.253550
1.953565
32.963578
29.017676
1.819677
10.882106
29.643570
5.101117
22.288406
2.218499
10.940910
2.511260
32.687101
27.646899
17.328069
25.933388
22.569259
22.360947
29.822000
0.605259
20.247873
0.617227
5.106097
36.227924
21.976973
26.567651
4.449767
17.065046
19.682503
23.772972
26.611063
3.811770
24.988273
19.471317
19.579774
9.270554
35.116132
28.861531
42.544371
31.239320
28.221305
47.778789
50.397688
42.577733
29.778597
43.204132
45.463070
49.006395
54.383570
56.887250
48.264570
50.833210
50.993929
51.290835
40.832460
41.118396
20.164355
47.269747
28.257808
25.867565
37.648322
52.927381
45.275500
33.366842
26.309287
45.490975
33.488461
26.254291
58.355805
44.586898
43.361411
53.430688
32.496830
59.269486
32.545423
49.982588
23.797532
25.001911
40.572630
46.547019
57.461226
31.698195
35.059796
47.628277
34.793483
35.028030
52.603603
42.436999
23.010061
40.685875
52.189918
28.833609
50.688970
42.941403
47.117761
36.841775
59.107002
49.447700
44.690691
28.947171
27.535577
44.771875
51.005121
52.350727
59.523577
46.338724
23.721022
48.635625
54.587928
57.778030
58.975305
23.179291
42.109477
31.064713
25.910882
43.254939
40.810616
35.670179
48.804977
20.457590
31.312455
29.376027
42.661132
57.975756
37.398362
46.732629
49.039278
35.658781
21.404086
35.408552
25.353295
28.106700
47.303614
27.148452
51.808991
57.543741
38.090099
51.820620
64.606398
40.006139
67.805529
73.614150
61.246858
47.650302
58.001414
53.815239
71.372949
48.309650
46.613180
56.555013
62.996767
45.830488
52.185417
51.105503
46.810175
76.784537
48.184423
53.000496
67.999198
59.685095
61.417450
77.641728
58.245798
59.164770
48.270026
71.735922
66.240102
65.977482
70.363072
72.108731
54.261540
43.616664
77.841518
77.189063
68.396481
47.351499
43.010386
47.114041
65.273644
72.015880
66.089177
61.740309
44.524783
65.378637
48.259902
55.775499
58.703503
53.872674
50.245864
63.966611
72.775424
42.887813
78.262149
71.632625
41.674537
62.069576
59.258495
69.689275
64.746241
46.325133
46.830971
59.832446
54.637098
67.527936
71.570536
47.270081
61.791837
79.931812
53.791648
40.278497
53.561539
61.531306
58.993415
55.546945
50.274486
59.081340
46.709630
68.839440
64.407125
63.378386
45.031909
56.292033
65.644111
45.981461
47.764543
76.058948
61.631794
78.442564
69.412999
74.303810
41.871116
76.881906
69.639361
48.990371
56.736159
73.404977
56.715310
43.407108
92.265740
98.454909
84.039040
68.339291
93.078954
67.230042
65.941790
62.486729
81.933152
86.970317
96.648950
66.692978
78.978834
70.311272
79.167098
63.257577
82.670787
94.448680
99.214017
71.697557
94.615115
95.124102
92.761624
90.314417
97.450995
80.928869
77.102295
60.997531
70.340670
74.646644
64.559294
75.695949
91.843719
99.812259
77.913922
77.846193
71.789199
77.202207
83.117524
70.574606
94.006096
84.649089
78.974896
72.810067
68.180918
92.757824
60.895596
87.094309
80.696137
86.677899
76.215543
65.967035
99.867052
74.760962
84.618107
63.006488
77.061574
92.654866
82.937370
90.811282
91.054400
88.077148
85.893698
79.793109
92.689755
94.669791
61.564937
95.663939
92.873407
84.687599
94.837341
83.356540
95.382412
77.480390
99.510730
67.018512
64.456555
81.253296
82.398645
82.364037
71.331479
81.924916
73.660847
78.292632
66.045409
82.501787
68.852235
89.897813
72.504602
89.967435
61.376343
74.192743
73.734032
61.246781
95.217569
90.846180
96.046560
85.880129
84.186151
97.899068
118.144213
111.761426
99.120887
94.119032
83.320523
97.758176
80.596837
110.310721
107.294715
89.934153
98.179996
89.393409
90.862482
80.981936
104.523277
81.906731
105.607170
114.593494
104.336342
107.783698
90.609550
90.671831
89.603745
91.713813
106.991500
81.734089
94.473712
95.600809
106.366303
109.292860
93.448776
91.574014
115.732023
83.503660
102.547185
82.537420
96.825890
116.197009
116.776866
95.573004
107.429399
111.728470
87.934417
101.488364
87.360293
102.239059
107.737551
119.579841
87.169816
91.551658
90.995081
103.058558
114.157373
84.511974
100.974006
97.332177
94.118686
95.789520
80.543899
113.910733
88.488904
108.988035
94.499633
86.522585
82.938118
91.143640
111.328251
106.877021
89.997170
95.734902
116.673372
105.200472
101.940443
117.237806
103.420449
92.813624
89.263684
83.617071
110.264020
111.499038
115.507822
87.054712
107.549094
99.589133
96.043241
91.327410
100.214860
104.331419
106.919310
114.522999
85.445946
104.996965
117.966374
91.405829
100.365801
104.621487
117.804887
107.080026
88.641669
113.049063
109.975136
121.321407
114.926708
101.112920
114.038805
133.586620
138.958715
117.380573
132.114575
139.792260
119.091614
114.246645
101.690973
132.546931
129.488261
122.217367
112.557303
135.236995
131.460060
121.018879
104.038775
138.399680
118.273350
121.211931
115.596918
120.080679
108.796667
135.429325
110.389856
133.994915
114.729813
111.502809
124.727690
138.738695
117.717802
134.520326
132.954437
116.301653
119.286512
121.385377
109.287531
107.879909
128.508149
121.994792
122.978979
104.974101
104.197417
119.943541
103.292404
134.518499
112.417703
128.581932
129.378954
130.779432
112.804486
101.287052
129.944515
112.705424
115.371710
138.835065
123.586474
108.363942
123.146590
109.434880
105.648973
111.634528
114.148459
119.871323
131.574375
101.574037
116.947627
134.777648
135.365461
107.901073
132.368990
121.325264
130.162247
128.933462
127.981426
135.755735
112.254335
122.866674
118.485138
123.817629
121.883914
111.058007
126.601238
117.812839
117.222547
109.510070
131.633496
133.129034
132.353843
132.592006
110.527213
119.977503
111.317982
101.979711
113.048859
108.580718
122.035951
147.981227
128.096042
126.044133
140.809364
129.523160
130.829279
149.156664
148.761871
150.829484
147.428315
156.700820
145.316937
143.715109
143.217203
159.017676
128.872154
139.658800
140.701476
152.931013
133.159952
134.386221
133.689057
126.781494
135.640145
147.605266
142.904187
141.636693
159.055272
139.251230
148.594743
156.147359
130.595976
125.725188
120.902209
145.858806
143.321097
150.852466
158.247165
148.654521
154.012903
137.512104
132.845413
139.731808
131.814809
147.634912
157.791517
147.191647
159.788307
147.446912
150.542834
134.795247
138.499379
128.852156
140.960168
147.637117
140.102260
143.575833
126.722047
137.439544
148.803099
157.695811
132.012625
120.239301
123.886531
120.025579
125.791054
152.204558
132.830540
135.914541
130.922552
132.946621
144.962730
145.515701
123.609417
134.356033
136.672420
131.137962
159.566423
143.745490
123.129697
124.169478
131.648855
134.306834
150.009908
124.746463
155.112441
134.156507
147.064664
142.572145
122.211047
127.022462
149.537573
125.677893
120.811492
149.687285
155.909630
150.755833
159.973209
135.720497
159.925083
163.106244
172.923734
175.696175
167.304080
171.058813
177.194165
168.118928
150.005964
168.564340
142.366669
156.084261
149.475746
145.552713
148.483079
146.800519
170.744038
167.810102
147.399175
159.532893
143.517548
162.600515
170.089112
161.611901
179.432028
155.314857
170.086611
163.529278
158.280664
151.765132
162.852237
158.074563
171.211955
168.874416
140.923280
169.487896
145.627161
149.319922
178.900722
176.616460
151.141283
165.802207
159.778802
163.540807
164.233118
179.880637
172.824112
160.259875
160.240981
159.637472
150.576188
152.108964
148.292285
154.815668
150.162195
155.342063
148.282265
166.547923
148.965325
176.352757
159.702562
162.413544
155.528189
153.707382
162.786668
157.841275
160.334123
164.958971
152.806402
166.245775
158.261891
178.381233
160.987970
145.618548
155.562646
150.578972
152.896347
149.319597
164.846109
151.571013
154.866141
163.106236
167.979785
152.149907
143.028010
156.455682
149.211185
163.638070
157.617817
150.625712
142.914227
149.553395
146.677384
142.795676
140.095055
149.989570
145.020408
160.065748
157.800834
176.962217
178.502424
174.705530
160.837045
188.822902
188.746076
190.676539
179.456523
181.169659
181.111621
197.308182
196.568415
179.655938
172.083665
175.934963
192.067766
195.874956
176.619206
191.728278
165.653133
162.037560
176.533588
186.157175
187.156674
187.442981
179.922000
189.507982
180.775049
168.537365
168.269705
168.865432
169.105551
190.358734
182.120193
162.266081
193.321891
193.655310
170.441586
196.028286
174.262846
189.329228
177.580803
197.473490
174.594275
165.839721
177.434520
182.596034
195.782617
193.218095
178.945557
189.115640
176.848002
170.803971
185.229711
183.343204
162.986221
166.996871
168.737236
190.063638
175.604649
172.253723
190.399367
160.786872
169.534766
173.897221
187.322041
163.535827
182.077196
176.476086
172.145016
174.993336
168.793649
194.470538
181.330808
167.071197
172.632006
174.803725
160.330130
182.208084
180.603531
164.842226
184.147005
160.739220
180.464928
181.337159
180.667871
196.394258
181.911698
174.008219
197.094457
186.949410
163.576234
180.385279
187.378447
169.025987
192.478620
188.514216
168.896401
163.160167
188.380105
172.176720
188.839955
190.237708
202.621356
207.488529
206.436081
191.371866
183.506303
211.942682
200.976456
194.094478
208.663100
205.908585
192.976137
200.511443
212.965856
204.752106
190.466460
203.080536
213.733214
205.828570
218.942608
198.958146
196.886889
215.070028
183.988123
206.958743
187.653067
191.121770
210.648137
218.342507
187.931317
180.707638
205.333852
184.720947
191.381634
201.117279
208.990964
197.951918
216.164320
190.662470
185.006785
188.931125
213.353304
217.719976
185.880630
204.894616
189.897317
206.912492
187.413544
203.408324
184.446308
213.451925
203.234690
189.980484
197.399975
206.896710
191.731131
182.735759
184.345636
213.149486
211.538212
180.763872
218.742908
186.978418
207.662976
209.376973
205.238449
199.896082
189.919956
212.022466
218.205339
219.370880
182.995520
208.924910
210.175481
180.923113
219.107083
183.181067
195.328182
186.447114
205.652634
182.489971
209.886873
217.003978
208.940677
205.908795
209.575838
189.218663
193.538311
198.729597
209.324431
195.031044
187.503565
191.880976
202.801680
205.354282
191.163833
211.306100
182.212608
215.543661
239.156730
222.321104
235.595985
229.375966
205.876302
229.114789
207.647727
230.673519
236.246558
205.557560
228.955646
238.042489
205.414596
215.323719
202.266596
213.052173
202.989032
205.237277
225.747584
235.939662
217.253805
210.528181
202.019299
233.611991
226.300979
214.638560
212.066307
225.300271
220.803578
214.265595
235.915070
236.358953
210.047923
214.142750
205.268688
209.562795
217.365534
228.345237
208.061048
239.863003
239.411433
226.903318
238.945152
223.660019
229.959946
228.677711
239.101409
229.728998
216.775060
222.593930
214.510863
234.804808
231.568870
212.956804
205.511751
201.332530
206.801512
206.054769
204.168646
215.977707
207.724816
239.059684
223.280780
231.069330
237.976047
237.959793
239.526110
223.006048
220.801110
205.036140
239.040696
217.559446
214.019612
209.795798
216.231973
227.741376
238.852319
208.448102
235.684627
224.280572
234.285135
211.187585
214.553647
219.458548
226.593934
207.388369
213.450479
218.012206
202.221884
224.845847
229.938816
231.089357
228.741560
223.435716
219.490447
237.387637
237.174817
219.296450
216.870339
207.595672
258.728216
222.697049
238.281019
234.122558
253.676233
250.944742
233.050492
232.734292
235.923312
252.351362
223.504023
238.029666
255.919258
226.691065
258.414642
244.373703
249.054661
249.906358
233.779259
226.262906
244.343747
239.938394
247.817014
254.522706
231.531737
221.787987
224.286067
258.636903
240.713334
252.547473
253.452100
244.594949
226.620043
258.515172
220.105426
222.487003
235.189867
253.459947
253.960749
228.750998
225.484567
221.877720
243.530188
228.142443
227.896602
251.260715
252.865695
233.813837
249.161382
255.471078
241.697943
223.128362
251.482664
244.326211
252.913538
231.808915
236.073895
235.097737
240.957102
244.232172
244.202072
258.645802
256.796021
239.865234
235.528436
250.926777
247.293317
257.905278
231.879711
244.140323
221.056022
229.738857
235.979943
252.514586
256.258454
244.932971
259.288952
242.713146
257.356203
226.080823
227.184362
235.155620
226.462352
251.028167
249.346066
233.971395
238.410016
252.559723
243.720674
253.530061
229.185385
223.157824
238.396889
245.772963
228.810709
250.661834
240.331009
244.540805
252.212546
229.926563
241.022601
246.775031
259.009055
250.549015
268.726195
248.335968
277.504308
262.772914
271.034135
270.566939
270.184165
260.993345
275.635151
271.020995
278.918539
254.802713
279.005623
267.218424
260.491662
271.912845
272.174207
261.681347
261.571941
254.904116
266.443141
254.729324
254.396541
279.079960
279.317289
267.146676
260.680047
247.736508
266.886757
247.770628
250.456915
256.192614
268.114625
244.820342
256.901847
240.302424
252.491428
256.199060
269.163792
264.597382
244.933755
272.520629
259.952679
260.930279
241.887738
244.119753
255.688381
256.081183
269.266019
265.357102
257.249260
276.644088
260.870718
250.182686
250.265173
259.281958
243.140140
253.613761
256.738998
269.062838
273.881526
273.657060
276.028475
274.546471
262.414743
250.352329
247.167935
261.550532
268.238315
244.802200
241.556001
279.985721
260.419340
277.640400
264.222574
267.460616
263.253550
257.746900
273.249075
255.741286
244.562438
270.369437
253.360700
257.401466
260.299578
266.908078
263.099475
247.432642
252.979462
249.864106
254.328091
271.392231
272.744922
278.155664
271.545653
261.788173
261.339286
271.972290
289.840825
287.640475
281.937916
277.525902
293.326304
278.202973
290.928275
268.207176
294.174278
289.208079
277.214301
264.726305
268.286905
290.053752
292.486046
263.907540
279.517483
271.029563
275.350281
266.883706
268.919917
281.880190
272.752572
287.690217
280.438388
267.177313
282.056157
274.778242
273.594221
265.934813
285.764305
297.814744
286.295708
283.515094
284.376153
266.475812
260.847439
281.202426
286.798971
278.868680
268.139988
275.610768
297.140841
283.654475
291.844261
262.374069
282.359413
270.574614
289.271051
283.424045
298.751325
284.996396
278.099925
271.628017
282.955370
267.796409
292.125262
292.411830
270.762282
279.362743
287.170451
273.414570
261.605293
285.042503
290.536233
285.206143
264.879480
297.921625
285.948107
294.428240
277.026184
273.599937
278.803725
266.272113
289.553773
271.585453
278.950476
297.862259
272.295702
269.101733
265.771357
270.188286
291.098785
292.051354
286.148121
268.637175
276.740024
277.598512
263.749826
272.163027
279.203532
272.792206
280.778053
291.455710
288.888129
296.512011
279.151954
295.615724
304.960347
308.373125
289.987071
282.883769
287.558589
286.318232
296.288052
285.974059
284.808813
298.491499
299.946985
283.526582
307.252144
290.957232
310.304695
291.938946
311.132743
308.224450
295.412203
288.581493
307.970158
298.707618
315.844008
297.185251
306.518574
317.465762
301.720019
308.733629
284.441565
319.466794
287.851623
318.205469
301.043136
302.750973
285.668370
291.899514
294.155021
308.879457
307.427809
310.353824
298.630279
309.057953
289.885650
304.612535
293.184988
299.131039
286.545163
300.704075
315.690412
286.370103
283.469917
285.923497
291.076904
292.502095
308.350150
291.021145
301.464693
300.064832
302.849675
284.262684
314.024243
319.151758
306.353208
283.686010
302.858402
297.194913
297.454110
313.483524
295.159212
284.627815
301.982569
317.633462
313.068975
288.633429
311.355249
285.459612
283.167996
304.641687
310.673355
313.733696
290.783246
291.993011
311.870172
310.419004
311.649148
311.956925
299.727199
286.817296
300.375067
316.284189
298.522201
295.705405
312.139999
291.670491
302.344793
294.536426
311.929867
304.857441
302.514182
313.221418
331.793708
307.023355
330.933116
304.550310
309.504742
324.638177
323.230973
335.057888
317.497688
311.146737
311.106718
312.165809
317.653915
306.731005
331.399600
333.049349
315.121989
321.727761
321.772167
323.813391
310.749555
306.452577
323.400219
330.650531
315.293808
333.402623
331.627432
309.078057
317.973001
322.214983
321.710679
318.586089
301.650150
315.357075
326.696075
311.886475
331.505244
309.427369
311.335381
321.584809
327.745074
302.353456
323.955276
336.272352
308.113179
335.203624
325.591764
324.648027
316.604596
330.902951
324.153244
334.285945
313.573588
309.811469
309.754935
332.648955
326.116612
319.814722
323.715809
311.866988
338.364840
316.732654
309.253626
307.440771
305.446726
318.171346
333.753826
326.818664
327.147995
309.407789
327.784798
320.870166
315.875462
306.212714
331.070747
320.480361
333.089954
313.202681
315.324892
310.633705
338.892963
333.858674
318.128598
322.194909
328.993825
321.438321
312.619046
330.966361
312.057442
328.519861
316.155670
312.529041
312.711274
327.539882
328.801355
323.863474
324.961984
316.629062
321.183582
339.322769
351.561962
332.697453
329.475652
329.889526
338.839945
337.268709
343.274235
333.814257
332.170420
347.196375
334.115759
345.466833
325.798044
340.358174
349.868928
320.379158
338.838466
341.982195
322.662720
338.326067
331.051442
325.128969
345.609084
349.982239
337.076313
347.193682
324.047927
325.025722
321.198740
331.219508
328.233459
346.237625
336.551920
321.317881
325.105218
354.155064
343.341234
341.770697
337.100541
357.884863
347.719880
351.831067
330.049019
327.747287
352.707482
352.286638
342.240848
351.184139
330.897636
324.212893
357.463237
340.984315
332.921082
330.667004
352.001711
336.458920
355.192615
356.713488
324.722689
348.393484
328.842064
353.306720
321.612152
341.710935
350.235559
353.178532
354.620303
330.419934
355.676355
346.784067
322.615893
345.443388
335.213907
340.566344
335.328799
352.552312
334.885442
321.380917
358.910891
340.433149
344.719460
344.546364
336.801616
322.889254
347.710098
334.705883
342.608897
332.746380
333.972478
339.155003
350.641185
335.864879
345.625890
354.010407
336.849740
322.032308
321.458604
342.793147
340.035209
358.437537
372.838168
352.970721
372.985911
367.471279
353.538050
358.731994
370.137668
377.263483
366.424898
376.964683
368.640846
367.918210
368.010641
349.331654
373.319969
369.008910
357.933518
359.463455
369.764435
370.243136
365.984631
358.490966
363.545087
354.953675
355.385572
368.531209
374.131477
376.706897
345.234257
377.321925
347.500559
372.548423
349.126709
368.051152
370.117981
353.069981
369.209429
344.025993
368.999944
348.619130
372.360430
362.494347
353.244469
374.849938
375.518422
371.253671
349.362555
365.115736
348.335944
377.426485
379.183697
357.854254
367.484076
360.696529
357.816373
359.461215
367.444142
360.054603
341.346554
369.545913
357.791765
352.829816
348.848019
369.893182
360.995462
341.484686
357.802753
360.958712
353.314124
368.371309
373.846610
344.986900
359.766525
368.059202
379.125371
379.176007
369.691892
351.750857
354.901690
351.487787
347.548215
372.395899
356.074769
347.071648
366.321765
355.193957
361.394142
351.328931
361.534835
349.919333
348.023364
353.593830
370.303212
348.576634
357.990544
375.970448
366.196335
370.347650
361.144222
344.942154
371.885399
366.105703
392.332587
362.023052
395.531406
370.283935
378.030726
370.613375
364.113173
387.921669
380.795168
370.812084
393.372584
375.691201
391.507852
369.296830
368.647863
376.386530
362.436435
371.281959
386.923550
374.778683
392.265974
388.947027
365.716274
376.323271
395.832433
394.634954
383.622705
392.975048
388.164337
367.942357
397.471546
377.387123
392.995757
381.377223
387.372902
387.515464
361.460216
366.648851
394.486797
384.350571
364.688942
384.912026
398.404599
373.462523
380.126868
366.282231
392.691863
371.213248
399.558233
372.169097
378.182454
371.915661
365.858180
366.870824
395.581175
375.631082
390.512078
399.845293
377.796480
371.320675
369.822804
365.912044
362.677199
371.525349
367.265920
362.666886
365.134357
382.865100
376.673286
377.108759
373.451082
380.867530
384.156077
375.003970
385.443534
393.872861
391.116442
394.717524
372.113905
395.263349
399.501338
391.692367
375.218249
377.436160
388.746235
369.204601
374.615808
363.613638
376.818325
391.801561
364.168845
381.600329
380.133071
389.515016
363.059694
380.916270
382.514349
397.719309
404.554231
387.281174
396.203442
392.972409
397.246108
406.729584
389.104579
394.996809
406.374708
395.625113
405.508075
404.128777
413.783388
396.006912
382.401896
408.933122
387.507291
396.075333
401.290551
410.456843
405.869596
403.679308
397.486716
417.236974
389.583104
390.790707
383.669664
390.501295
412.120164
407.761645
381.137069
396.368282
404.483510
416.899879
389.807001
396.125148
403.826778
404.789031
402.182478
385.737125
411.337827
413.589758
398.619803
408.741011
418.125080
415.206065
383.855167
381.397031
398.897581
398.595924
402.365096
391.694136
392.004833
392.352560
407.775721
389.018921
401.376865
386.137193
381.743961
399.610976
396.588308
391.394935
398.299725
407.010985
388.626072
387.974798
413.545232
388.016731
399.725079
418.861664
399.701843
383.139058
419.227055
416.523162
384.624662
381.527378
411.046019
392.465754
395.073253
408.961568
409.106756
396.610408
391.677548
413.271449
391.846243
411.868696
394.444127
391.160878
402.361218
412.646425
383.299194
396.922126
397.102924
404.292983
398.611947
394.965052
396.562052
382.775912
400.344850
401.828116
